0.458835 0.237324 100.000000
0.127064 0.350996 80.600000
0.154454 0.480822 69.700000
0.947403 0.144112 83.500000
0.286739 0.056589 71.300000
0.132689 0.116605 35.500000
0.627395 0.212214 40.600000
0.079488 0.797099 41.200000
0.032748 0.880325 56.900000
0.311055 0.868967 54.100000
0.091618 0.022172 38.200000
0.360071 0.638224 0.000000
0.719712 0.718167 61.000000
0.442442 0.145034 27.900000
0.998377 0.572987 68.300000
0.965492 0.193570 84.600000
0.160010 0.418795 46.000000
0.290945 0.962080 54.600000
0.333000 0.941412 29.200000
0.951259 0.507467 65.600000
