0.458835 0.237324 100.000000
0.127064 0.350996 86.600000
0.154454 0.480822 95.700000
0.947403 0.144112 94.000000
0.286739 0.056589 94.000000
0.132689 0.116605 76.500000
0.627395 0.212214 100.000000
0.079488 0.797099 100.000000
0.032748 0.880325 100.000000
0.311055 0.868967 100.000000
0.091618 0.022172 79.200000
0.360071 0.638224 50.000000
0.719712 0.718167 67.000000
0.442442 0.145034 100.000000
0.998377 0.572987 74.300000
0.965492 0.193570 94.000000
0.160010 0.418795 72.000000
0.290945 0.962080 100.000000
0.333000 0.941412 100.000000
0.951259 0.507467 91.600000
