0.458835 0.237324 100.000000
0.127064 0.350996 76.600000
0.154454 0.480822 85.700000
0.947403 0.144112 79.500000
0.286739 0.056589 100.000000
0.132689 0.116605 66.500000
0.627395 0.212214 71.600000
0.079488 0.797099 72.200000
0.032748 0.880325 87.900000
0.311055 0.868967 85.100000
0.091618 0.022172 69.200000
0.360071 0.638224 0.000000
0.719712 0.718167 57.000000
0.442442 0.145034 58.900000
0.998377 0.572987 64.300000
0.965492 0.193570 80.600000
0.160010 0.418795 62.000000
0.290945 0.962080 85.600000
0.333000 0.941412 60.200000
0.951259 0.507467 61.600000
