0.458835 0.237324 100.000000
0.127064 0.350996 78.600000
0.154454 0.480822 67.700000
0.947403 0.144112 81.500000
0.286739 0.056589 84.300000
0.132689 0.116605 48.500000
0.627395 0.212214 53.600000
0.079488 0.797099 54.200000
0.032748 0.880325 69.900000
0.311055 0.868967 67.100000
0.091618 0.022172 51.200000
0.360071 0.638224 0.000000
0.719712 0.718167 59.000000
0.442442 0.145034 40.900000
0.998377 0.572987 66.300000
0.965492 0.193570 82.600000
0.160010 0.418795 44.000000
0.290945 0.962080 67.600000
0.333000 0.941412 42.200000
0.951259 0.507467 63.600000
