0.458835 0.237324 100.000000
0.127064 0.350996 80.600000
0.154454 0.480822 89.700000
0.947403 0.144112 98.000000
0.286739 0.056589 96.000000
0.132689 0.116605 95.500000
0.627395 0.212214 100.000000
0.079488 0.797099 100.000000
0.032748 0.880325 100.000000
0.311055 0.868967 100.000000
0.091618 0.022172 96.000000
0.360071 0.638224 74.000000
0.719712 0.718167 91.000000
0.442442 0.145034 100.000000
0.998377 0.572987 98.000000
0.965492 0.193570 98.000000
0.160010 0.418795 66.000000
0.290945 0.962080 100.000000
0.333000 0.941412 100.000000
0.951259 0.507467 98.000000
