0.458835 0.237324 100.000000
0.127064 0.350996 74.600000
0.154454 0.480822 83.700000
0.947403 0.144112 97.500000
0.286739 0.056589 98.000000
0.132689 0.116605 64.500000
0.627395 0.212214 89.600000
0.079488 0.797099 90.200000
0.032748 0.880325 100.000000
0.311055 0.868967 100.000000
0.091618 0.022172 67.200000
0.360071 0.638224 18.000000
0.719712 0.718167 75.000000
0.442442 0.145034 76.900000
0.998377 0.572987 82.300000
0.965492 0.193570 98.600000
0.160010 0.418795 60.000000
0.290945 0.962080 100.000000
0.333000 0.941412 78.200000
0.951259 0.507467 79.600000
