V3

2
20
3.073356600161620 .BB95326690C49x16
6
0 .0
Linux psw-njit 6.6.87.2-microsoft-standard-WSL2 #1 SMP PREEMPT_DYNAMIC Thu Jun  5 18:30:46 UTC 2025 x86_64
0
33
	.0334700000000000	.3299640000000000	.82BEx10	.A11D8x13	56.900000000000006
	.2062650000000000	.2501280000000000	.C96E4x12	.F444x12	74.500000000000000
	.3016560000000000	.0249240000000000	.934Bx13	.C2B8xF	70.600000000000009
	.3178600000000000	.1357280000000000	.9B348x13	.848Cx12	32.800000000000004
	.0816720000000000	.5509560000000000	.9F84x11	.8682Cx14	69.700000000000003
	.9817600000000000	.2188500000000000	.EFBx14	.D5B88x12	60.700000000000003
	.5738420000000000	.5552310000000000	.8C192x14	.878DFx14	65.200000000000003
	.7961280000000000	.5837160000000000	.C25Ex14	.8E824x14	73.200000000000003
	.9136800000000000	.9654020000000000	.DF11x14	.EBB1Ax14	44.800000000000004
	.2155310000000000	.8886430000000000	.D27ACx12	.D8F43x14	90.300000000000011
	.9135670000000000	.3485600000000000	.DF09Fx14	.AA32x13	49.300000000000004
	.4842890000000000	.3893120000000000	.EC782x13	.BE18x13	91.300000000000011
	.9402690000000000	.5567510000000000	.E58EDx14	.87ECFx14	76.900000000000006
	.7756010000000000	.7636270000000000	.BD5B1x14	.BA6EBx14	54.000000000000000
	.3188580000000000	.1692290000000000	.9BB14x13	.A5434x12	82.300000000000011
	.7529450000000000	.2530830000000000	.B7D31x14	.F726Cx12	93.300000000000011
	.2184850000000000	.1966690000000000	.D55D4x12	.C00F4x12	57.400000000000006
	.0853130000000000	.7701380000000000	.A6A08x11	.BC05Ax14	100.000000000000000
	.1186980000000000	.2337690000000000	.E7D5x11	.E44A4x12	64.100000000000009
	.6230810000000000	.2224060000000000	.981E9x14	.D9318x12	26.900000000000002
	 1 1 1 1 1 1 1 1 1 1
	 1 1 1 1 1 1 1 1 1 1
	3
	14 8 7
	.3922423833203946	.BF864C442921Ex13
	1
	.7512639435964043	.6209351478654551	.B769FF18F88B18x14	.9798725DA82AEx14	.0
	3
		1	-1
		-1	2
		-1	3
	1
	0
	3
	16 11 6
	.3198787342130017	.9C30D77EAC43Ex13
	1
	.9008011328813121	.2962666596057468	.DBEC12204827Ax14	.90A9551B7D82Ex13	.0
	3
		1	-1
		-1	2
		-1	3
	1
	0
	3
	13 11 8
	.3472019935208549	.A9883FCAEC3F8x13
	1
	.9019584037624462	.5312632019675702	.DC346675CF9C6x14	.81B3F33B4258Dx14	.0
	3
		1	-1
		-1	2
		-1	3
	1
	0
	3
	20 12 7
	.4046087426361606	.C59017C3ACE8Ex13
	1
	.5006630698865510	.3910270434058528	.F476E23C82B86x13	.BEEE616394ABDx13	.0
	3
		1	-1
		-1	2
		-1	3
	1
	0
	3
	14 13 8
	.3256699793613780	.9F04BF56EDAC3x13
	1
	.8116739604891431	.5978499093297007	.C6299F5E29DD2x14	.91F59E8C9D4CEx14	.0
	3
		1	-1
		-1	2
		-1	3
	1
	0
	3
	17 2 15
	.1588756776841203	.9B26EB5F2D377x12
	1
	.2194386535880345	.1975924140369104	.D64BA9D462E86x12	.C0F61A7F94AB7x12	.0
	3
		1	-1
		-1	2
		-1	3
	1
	0
	3
	17 15 4
	.1365346851044407	.8555ABD8C04BD8x12
	1
	.3125414577095964	.1637897835645068	.989BAEA58E9878x13	.9FF37225EBBEDx12	.0
	3
		1	-1
		-1	2
		-1	3
	1
	0
	3
	20 15 12
	.4581302241347417	.DFB2472C1C9F3x13
	1
	.4916736053829348	.2862218234520939	.F013335F4C0858x13	.8BC1BA59B834A8x13	.0
	3
		1	-1
		-1	2
		-1	3
	1
	0
	3
	17 12 15
	.3785783415619016	.B8DA4AEE1339Ax13
	1
	.3143515460847649	.1811055712441005	.997DF17986C1Dx13	.B0DC648F436A78x12	.0
	3
		1	-1
		-1	2
		-1	3
	1
	0
	3
	20 12 16
	.3503532648260166	.AB122879746918x13
	1
	.6249938069679301	.2279912985886943	.98961CE957345x14	.DEA5D31C13C15x12	.0
	3
		1	-1
		-1	2
		-1	3
	1
	0
	3
	19 2 17
	.1399740131059457	.88B180D6BA521x12
	1
	.1969214535315294	.2338876594468324	.C04E5D06A91BBx12	.E467EA34607CCx12	.0
	3
		1	-1
		-1	2
		-1	3
	1
	0
	4
	20 12 7 16
	.5372303368175593	.8328E5639ACF2x14
	2
	.6286632629255009	.2360786907253307	.997B7434F15ECx14	.E68BAC34D8048x12	.0
	.5073913933798961	.3924728847065063	.F7BFEC96916FAx13	.BFA31C4F8404E8x13	.0
	5
		1	-1
		-1	-2
		-2	2
		-2	3
		-1	4
	1
	0
	4
	16 8 13 11
	.5339019186842388	.8258DEB2EE3E9x14
	2
	.9072472910441249	.3518332520923066	.DD7EF4A81DE268x14	.ABCB281123E29x13	.0
	.8990815408300436	.5303918840818074	.DB8098A73D676x14	.817D7E2532F72x14	.0
	5
		1	-1
		-1	-2
		-2	2
		-2	3
		-1	4
	1
	0
	4
	17 2 12 15
	.4329610495354589	.D3682195CB6308x13
	2
	.2234006977278976	.2024820171063210	.DA2A2CA792E97x12	.C5BC8118451C6x12	.0
	.3126875132515926	.1863861015507381	.98ADF06C8E9AAx13	.B604867FCEAAC8x12	.0
	5
		1	-1
		-1	2
		-1	-2
		-2	3
		-2	4
	1
	0
	2
	15 4
	.0335158619910035	.82EBDCAB7141E8x10
	0
	1
		1	2
	1
	0
	2
	17 2
	.0548378799827272	.D635E1468C4AA8x10
	0
	1
		1	2
	1
	0
	2
	2 19
	.0890819643362224	.ADFCFB6F5E8CC8x11
	0
	1
		1	2
	1
	0
	2
	17 15
	.1040561998585379	.CB3C1994F6EE38x11
	0
	1
		1	2
	1
	0
	2
	4 3
	.1119825702151901	.DAB748FCCFB4Cx11
	0
	1
		1	2
	1
	0
	2
	19 1
	.1285196094337358	.FB03CE01ECB64x11
	0
	1
		1	2
	1
	0
	2
	16 20
	.1334381385699006	.824F88DE5449D8x12
	0
	1
		1	2
	1
	0
	2
	6 11
	.1465434043176287	.8F1BD9E0570C2x12
	0
	1
		1	2
	1
	0
	2
	8 13
	.1466415326774785	.8F34621763476x12
	0
	1
		1	2
	1
	0
	2
	10 18
	.1760686302241259	.ABF12855979288x12
	0
	1
		1	2
	1
	0
	2
	8 14
	.1810782307457193	.B0D58EC489B1Ax12
	0
	1
		1	2
	1
	0
	2
	11 16
	.1868563202383050	.B67A147EC8CDCx12
	0
	1
		1	2
	1
	0
	2
	7 12
	.1885440382775334	.B8200273239C98x12
	0
	1
		1	2
	1
	0
	2
	13 11
	.2098963774937528	.CCFA1828DB8ECx12
	0
	1
		1	2
	1
	0
	2
	20 12
	.2170733334612982	.D3FC55576E0EA8x12
	0
	1
		1	2
	1
	0
	2
	18 5
	.2192122396331920	.D6130F562674Bx12
	0
	1
		1	2
	1
	0
	2
	1 5
	.2261877469448776	.DCE2EFCDF1E358x12
	0
	1
		1	2
	1
	0
	2
	9 14
	.2444973637199387	.EEC457472FFE68x12
	0
	1
		1	2
	1
	0
	2
	12 15
	.2753251580404522	.866FA50EAAD9B8x13
	0
	1
		1	2
	1
	0
