0.458835 0.237324 100.000000
0.127064 0.350996 86.000000
0.154454 0.480822 94.000000
0.947403 0.144112 98.000000
0.286739 0.056589 100.000000
0.132689 0.116605 91.500000
0.627395 0.212214 98.000000
0.079488 0.797099 98.000000
0.032748 0.880325 98.000000
0.311055 0.868967 98.000000
0.091618 0.022172 94.200000
0.360071 0.638224 40.700000
0.719712 0.718167 100.000000
0.442442 0.145034 83.900000
0.998377 0.572987 64.300000
0.965492 0.193570 98.000000
0.160010 0.418795 72.000000
0.290945 0.962080 98.000000
0.333000 0.941412 95.200000
0.951259 0.507467 100.000000
