0.458835 0.237324 100.000000
0.127064 0.350996 90.000000
0.154454 0.480822 98.000000
0.947403 0.144112 100.000000
0.286739 0.056589 98.000000
0.132689 0.116605 85.500000
0.627395 0.212214 100.000000
0.079488 0.797099 100.000000
0.032748 0.880325 100.000000
0.311055 0.868967 100.000000
0.091618 0.022172 88.200000
0.360071 0.638224 44.700000
0.719712 0.718167 100.000000
0.442442 0.145034 77.900000
0.998377 0.572987 58.300000
0.965492 0.193570 100.000000
0.160010 0.418795 76.000000
0.290945 0.962080 100.000000
0.333000 0.941412 89.200000
0.951259 0.507467 100.000000
