V3

2
25
3.667667847066686 .DFDB4F63657318x16
6
0 .0
Linux Superboy 5.15.167.4-microsoft-standard-WSL2 #1 SMP Tue Nov 5 00:21:55 UTC 2024 x86_64
1
53
	.4588350000000000	.2373240000000000	.E00A6x13	.E7C3x12	100.000000000000000
	.1270640000000000	.3509960000000000	.F82Cx11	.AB628x13	98.600000000000009
	.1544540000000000	.4808220000000000	.96D58x12	.EAC6Cx13	87.700000000000003
	.9474030000000000	.1441120000000000	.E74CBx14	.8CBCx12	71.500000000000000
	.2867390000000000	.0565890000000000	.8C026x13	.DD0Dx10	89.300000000000011
	.1326890000000000	.1166050000000000	.81944x12	.E3BE8x11	43.500000000000000
	.6273950000000000	.2122140000000000	.992C3x14	.CF3D8x12	48.600000000000001
	.0794880000000000	.7970990000000000	.9B4x11	.C29ABx14	59.200000000000003
	.0327480000000000	.8803250000000000	.FFD8xF	.D6EC5x14	64.900000000000006
	.3110550000000000	.8689670000000000	.97E1Ex13	.D4267x14	52.100000000000001
	.0916180000000000	.0221720000000000	.B2F1x11	.AD38xF	26.200000000000003
	.3600710000000000	.6382240000000000	.AFD0Ex13	.9BD1x14	15.000000000000000
	.7197120000000000	.7181670000000000	.AFB6x14	.AF557x14	49.000000000000000
	.4424420000000000	.1450340000000000	.D8094x13	.8DA28x12	15.900000000000000
	.9983770000000000	.5729870000000000	.F3BE9x14	.8BE3Bx14	56.300000000000004
	.9654920000000000	.1935700000000000	.EBB74x14	.BD088x12	72.600000000000009
	.1600100000000000	.4187950000000000	.9C428x12	.CC7D6x13	64.000000000000000
	.2909450000000000	.9620800000000000	.8E102x13	.EAE2x14	52.600000000000001
	.3330000000000000	.9414120000000000	.A299x13	.E5D64x14	27.200000000000003
	.9512590000000000	.5074670000000000	.E83DBx14	.F7C96x13	53.600000000000001
	.4546900000000000	.1282310000000000	.DE044x13	.FA738x11	31.100000000000001
	.8764490000000000	.9140760000000000	.D5FA1x14	.DF29Cx14	16.800000000000001
	.9854050000000000	.2755230000000000	.F093Dx14	.86886x13	36.700000000000003
	.6265480000000000	.9991590000000000	.98F74x14	.F3EF7x14	22.900000000000002
	.3272560000000000	.0314270000000000	.9FCBx13	.F586xF	88.200000000000003
	 1 1 1 1 1 1 1 1 1 1
	 1 1 1 1 1 1 1 1 1 1
	 1 1 1 1 1
	3
	6 2 5
	.3989911004029960	.C2D1E33680581x13
	1
	.1445130821699671	.1247039303360389	.8D20454245D26x12	.F38FF7154056Ex11	.0
	3
		1	-1
		-1	2
		-1	3
	1
	0
	3
	11 6 5
	.2608897120700854	.FEC66D928E686x12
	1
	.1443059359311148	.0834614521137955	.8CEC7BE64B9E7x12	.A302B9DEDD67x11	.0
	3
		1	-1
		-1	2
		-1	3
	1
	0
	3
	14 1 7
	.2567730569529756	.FAC143A51E17Fx12
	1
	.4767008182741058	.2081993675729823	.E8C39A2F4D2D78x13	.CB51D78650D48x12	.0
	3
		1	-1
		-1	2
		-1	3
	1
	0
	3
	12 3 8
	.5209730197703475	.FE61A0A1F56C8x13
	1
	.2133124631943340	.6200039491809023	.D0501DA4F9D91x12	.975E3F2FD85058x14	.0
	3
		1	-1
		-1	2
		-1	3
	1
	0
	3
	10 8 9
	.3345751818544773	.A35DE5D1C07B18x13
	1
	.0870001825644311	.8205038387157132	.A9EC175E4572Ax11	.C8517D6B612AFx14	.0
	3
		1	-1
		-1	2
		-1	3
	1
	0
	3
	12 3 10
	.4944484568841605	.F16E0E9ECB87Fx13
	1
	.3494442687003079	.6421744808292925	.AAA08899316368x13	.9CC7E7B17A0E68x14	.0
	3
		1	-1
		-1	2
		-1	3
	1
	0
	3
	12 8 10
	.4559055190313228	.DE9C309BE793A8x13
	1
	.2690855575001165	.7966605056959128	.8363B1D70A7C08x13	.C27F48175498F8x14	.0
	3
		1	-1
		-1	2
		-1	3
	1
	0
	3
	24 13 12
	.6326617184188883	.9A755B7EA4CDE8x14
	1
	.6204867767816052	.7791586271807188	.977C6C6DB28C68x14	.BE396A08EEA64x14	.0
	3
		1	-1
		-1	2
		-1	3
	1
	0
	3
	25 5 14
	.2079668395326911	.CB17B5BAE7532x12
	1
	.3249661753649972	.0433381383919960	.9EACC59C970Ex13	.A94A236DA869x10	.0
	3
		1	-1
		-1	2
		-1	3
	1
	0
	3
	22 15 13
	.5295412721365374	.8148545AABD788x14
	1
	.8293004640680372	.7461373887739119	.CA77476CD29B3x14	.B62996386AFE58x14	.0
	3
		1	-1
		-1	2
		-1	3
	1
	0
	3
	20 13 15
	.3809182443219656	.B9FEC7D17C4C88x13
	1
	.9552747891097904	.5529317714330353	.E938ACA031967x14	.86FE3C57CA2AAx14	.0
	3
		1	-1
		-1	2
		-1	3
	1
	0
	3
	19 10 18
	.1206757193945268	.EBB1DC151EAEDx11
	1
	.3218119651719343	.9371107097631939	.9D227EE2B040Ax13	.E4C96B5B30A6Ax14	.0
	3
		1	-1
		-1	2
		-1	3
	1
	0
	3
	24 10 19
	.3748324719104755	.B7060F19E3FF68x13
	1
	.3346291858020421	.9395729128339028	.A364A5F2171FD8x13	.E5634E9AF7B8F8x14	.0
	3
		1	-1
		-1	2
		-1	3
	1
	0
	3
	24 13 19
	.5834798701013817	.8E737DEBEF6D3x14
	1
	.5923996864557916	.9404932345211241	.90A0FAFBB91178x14	.E59CD3C09938E8x14	.0
	3
		1	-1
		-1	2
		-1	3
	1
	0
	3
	22 20 13
	.5492822513344051	.861A24057739A8x14
	1
	.7926254668749645	.7258273065760103	.C183177851E2x14	.B13434E7BC3F2x14	.0
	3
		1	-1
		-1	2
		-1	3
	1
	0
	3
	25 5 21
	.2072677675120968	.CA68F11EEB0ED8x12
	1
	.3266553960348080	.0380981019631674	.9F7FECAC51309x13	.94D21A1A42158x10	.0
	3
		1	-1
		-1	2
		-1	3
	1
	0
	3
	25 14 21
	.1785244771525096	.AE571E89AAAEx12
	1
	.4448984929138988	.1317088896001982	.D93C4FC5F35E68x13	.809F38EF35AB8x12	.0
	3
		1	-1
		-1	2
		-1	3
	1
	0
	3
	24 22 13
	.4669387169977643	.E3FF56F1A54BAx13
	1
	.7566753879283674	.8775819186205253	.B8BC3634F46038x14	.D640DEB2AB6FAx14	.0
	3
		1	-1
		-1	2
		-1	3
	1
	0
	4
	21 14 1 7
	.2775052165033260	.878026ED986218x13
	2
	.4442084316104684	.1450915981540521	.D8E60DCFC0C1D8x13	.8DB0E64827EEFx12	.0
	.4774836773724720	.2073258314438658	.E92575AD0908D8x13	.CA777536605508x12	.0
	5
		1	-1
		-1	2
		-1	-2
		-2	3
		-2	4
	1
	0
	4
	12 8 9 10
	.5513544769013638	.869BA7A163531x14
	2
	.2691821808321019	.7971017022940847	.836FC5C960678x13	.C29ADB3C98B8Ex14	.0
	.0799274510536986	.7978532191194385	.9C1BB9BC20AA2x11	.C2C9D381836268x14	.0
	5
		1	-1
		-1	-2
		-2	2
		-2	3
		-1	4
	1
	0
	4
	19 10 8 9
	.4102626786408974	.C852D5B76D1D88x13
	2
	.3102648355450162	.8698329795372926	.977F1ABCC8E6E8x13	.D45C8FAC2F4BDx14	.0
	.0870277887487768	.8208371477579273	.A9F9E4F5B84CAx11	.C866525D376A98x14	.0
	5
		1	-1
		-1	2
		-1	-2
		-2	3
		-2	4
	1
	0
	4
	19 10 8 18
	.3629626534628120	.B13A54E92AD7D8x13
	2
	.3194361867867058	.9368735006887471	.9BF985FA281D2x13	.E4BA9802D23428x14	.0
	.3064498531746201	.8730412293801645	.95A23B4D34DC7x13	.D52513AB8A891x14	.0
	5
		1	-1
		-1	-2
		-2	2
		-2	3
		-1	4
	1
	0
	4
	12 3 8 10
	.7022444030733564	.AB724672FD0C4x14
	2
	.2867559325523271	.6488171361937943	.8C047DD777FA6x13	.9E67122DD98B48x14	.0
	.2365810072238877	.7744009697239849	.E70940765B2E6x12	.BD100F83FD4C18x14	.0
	5
		1	-1
		-1	2
		-1	-2
		-2	3
		-2	4
	1
	0
	4
	24 22 15 13
	.7742615353273728	.BD075890B36F7x14
	2
	.7898029847405210	.8769650774729622	.C0D2AFC17F46Dx14	.D61A513D5449Fx14	.0
	.7735844776366590	.7412408521318774	.BCDD07A466566x14	.B4F78DA2550918x14	.0
	5
		1	-1
		-1	2
		-1	-2
		-2	3
		-2	4
	1
	0
	4
	24 22 20 13
	.7799856174997785	.BE6D19E14772Ax14
	2
	.7582718988692797	.8773857639387361	.B91FFE61C4C1x14	.D6349C3917D3x14	.0
	.7224291810375347	.7190105984021816	.B05FD2E5879D3x14	.AF8A29930E2A8x14	.0
	5
		1	-1
		-1	2
		-1	-2
		-2	3
		-2	4
	1
	0
	4
	22 15 20 13
	.6059896339214981	.93F25A248ADE7x14
	2
	.8184288414638026	.7386145884461553	.C7CFCD76A2BF9x14	.B453696A468408x14	.0
	.9710531200613141	.5673273025922048	.ED12D1EBC569Ax14	.8A81F4D76AEC8x14	.0
	5
		1	-1
		-1	-2
		-2	2
		-2	3
		-1	4
	1
	0
	4
	25 5 14 21
	.2253551171968212	.DC12C7802718Ax12
	2
	.3259857453956196	.0406237586339600	.9F2C37DA47EA2x13	.9EAFC235D5Dx10	.0
	.4441718551592339	.1325096916319573	.D8E17B5D76E5D8x13	.81676C43B2AF6x12	.0
	5
		1	-1
		-1	2
		-1	-2
		-2	3
		-2	4
	1
	0
	5
	19 10 8 9 18
	.4541999057581222	.DDC6FCFBF8752x13
	3
	.3157003673427486	.9369247973598027	.9A268BC1459478x13	.E4BDCCC1FC5A4x14	.0
	.3000101940451484	.8801901956839584	.927D46359E2BD8x13	.D6E3E3218580Ax14	.0
	.0872018247107071	.8249916665791630	.AA50E9901ED5Ex11	.C969FAAA4EE998x14	.0
	7
		1	-1
		-1	-2
		-2	2
		-2	-3
		-3	3
		-3	4
		-1	5
	1
	0
	5
	24 22 15 20 13
	.8458094654877238	.CE7F1772A34168x14
	3
	.7757572193313235	.8763445033475648	.BD64D382618FD8x14	.D5F3880DB62D18x14	.0
	.7513839826542381	.7300352110849404	.B7717FB8F3A68x14	.B23B33609A9A4x14	.0
	.9597633692977973	.5585175957655810	.EA5135E8A4CEAx14	.885B5988417D68x14	.0
	7
		1	-1
		-1	2
		-1	-2
		-2	-3
		-3	3
		-3	4
		-2	5
	1
	0
	2
	21 14
	.0207931313899566	.A27243458B5D9xF
	0
	1
		1	2
	1
	0
	2
	19 18
	.0468592493431126	.B70B3FD4F34228x10
	0
	1
		1	2
	1
	0
	2
	25 5
	.0476943763246779	.BA4E6056D0687x10
	0
	1
		1	2
	1
	0
	2
	16 4
	.0526621845824876	.CDB62F40CC43Ex10
	0
	1
		1	2
	1
	0
	2
	17 3
	.0622753391399838	.F34356D1E0C34x10
	0
	1
		1	2
	1
	0
	2
	17 2
	.0753799928163965	.9339FF149B912x11
	0
	1
		1	2
	1
	0
	2
	19 10
	.0756958456587942	.93D7EC3E8C207x11
	0
	1
		1	2
	1
	0
	2
	15 20
	.0807030131036010	.9D9F81AD60F8Fx11
	0
	1
		1	2
	1
	0
	2
	23 16
	.0843375466681358	.A4B8C5F938B2B8x11
	0
	1
		1	2
	1
	0
	2
	14 1
	.0937345963292102	.B7134C5483FBEx11
	0
	1
		1	2
	1
	0
	2
	9 8
	.0954525781527141	.BA6E4A00E87BA8x11
	0
	1
		1	2
	1
	0
	2
	6 11
	.1029777574527625	.C920E0F4364DC8x11
	0
	1
		1	2
	1
	0
	2
	21 25
	.1600326178377395	.9C48278AA74D68x12
	0
	1
		1	2
	1
	0
	2
	5 6
	.1653279249128833	.A173FB31C5CE7x12
	0
	1
		1	2
	1
	0
	2
	1 7
	.1704200272855276	.A66D01BF0BCC4x12
	0
	1
		1	2
	1
	0
	2
	23 20
	.2344439558871160	.E4F2FD2D41278x12
	0
	1
		1	2
	1
	0
	2
	6 2
	.2344584856771023	.E4F69F155569Cx12
	0
	1
		1	2
	1
	0
	2
	12 10
	.2358917130909858	.E65CEDA3485FD8x12
	0
	1
		1	2
	1
	0
	2
	10 8
	.2424629557540697	.ECC7BD2B131E3x12
	0
	1
		1	2
	1
	0
	2
	22 13
	.2508920553744179	.F503038B412488x12
	0
	1
		1	2
	1
	0
	2
	3 12
	.2589473697356279	.FCE0D7A9BF9F88x12
	0
	1
		1	2
	1
	0
	2
	22 24
	.2639879290611598	.80E67DBADE7838x13
	0
	1
		1	2
	1
	0
	2
	24 19
	.2991741036804488	.9214C35159A928x13
	0
	1
		1	2
	1
	0
	2
	20 13
	.3130630978077742	.98DCE3213DC4Fx13
	0
	1
		1	2
	1
	0
