0.458835 0.237324 100.00
0.127064 0.350996 83.60
0.154454 0.480822 72.70
0.947403 0.144112 86.50
0.286739 0.056589 74.30
0.132689 0.116605 28.50
0.627395 0.212214 33.60
0.079488 0.797099 44.20
0.032748 0.880325 59.90
0.311055 0.868967 37.10
0.091618 0.022172 31.20
0.360071 0.638224 0.00
0.719712 0.718167 64.00
0.442442 0.145034 0.90
0.998377 0.572987 71.30
0.965492 0.193570 87.60
0.160010 0.418795 49.00
0.290945 0.962080 37.60
0.333000 0.941412 12.20
0.951259 0.507467 68.60
0.454690 0.128231 16.10
0.876449 0.914076 31.80
0.985405 0.275523 51.70
0.626548 0.999159 37.90
0.327256 0.031427 73.20
