0.458835 0.237324 100.00
0.127064 0.350996 100.00
0.154454 0.480822 100.00
0.947403 0.144112 46.50
0.286739 0.056589 100.00
0.132689 0.116605 58.50
0.627395 0.212214 63.60
0.079488 0.797099 74.20
0.032748 0.880325 69.90
0.311055 0.868967 67.10
0.091618 0.022172 31.20
0.360071 0.638224 30.00
0.719712 0.718167 24.00
0.442442 0.145034 30.90
0.998377 0.572987 31.30
0.965492 0.193570 47.60
0.160010 0.418795 79.00
0.290945 0.962080 47.60
0.333000 0.941412 22.20
0.951259 0.507467 28.60
0.454690 0.128231 46.10
0.876449 0.914076 0.00
0.985405 0.275523 11.70
0.626548 0.999159 0.00
0.327256 0.031427 100.00
