0.458835 0.237324 100.00
0.127064 0.350996 88.60
0.154454 0.480822 77.70
0.947403 0.144112 81.50
0.286739 0.056589 79.30
0.132689 0.116605 33.50
0.627395 0.212214 38.60
0.079488 0.797099 49.20
0.032748 0.880325 64.90
0.311055 0.868967 42.10
0.091618 0.022172 26.20
0.360071 0.638224 5.00
0.719712 0.718167 59.00
0.442442 0.145034 5.90
0.998377 0.572987 66.30
0.965492 0.193570 82.60
0.160010 0.418795 54.00
0.290945 0.962080 42.60
0.333000 0.941412 17.20
0.951259 0.507467 63.60
0.454690 0.128231 21.10
0.876449 0.914076 26.80
0.985405 0.275523 46.70
0.626548 0.999159 32.90
0.327256 0.031427 78.20
