0.458835 0.237324 100.00
0.127064 0.350996 100.00
0.154454 0.480822 92.70
0.947403 0.144112 56.50
0.286739 0.056589 94.30
0.132689 0.116605 48.50
0.627395 0.212214 53.60
0.079488 0.797099 64.20
0.032748 0.880325 59.90
0.311055 0.868967 57.10
0.091618 0.022172 21.20
0.360071 0.638224 20.00
0.719712 0.718167 34.00
0.442442 0.145034 20.90
0.998377 0.572987 41.30
0.965492 0.193570 57.60
0.160010 0.418795 69.00
0.290945 0.962080 57.60
0.333000 0.941412 32.20
0.951259 0.507467 38.60
0.454690 0.128231 36.10
0.876449 0.914076 1.80
0.985405 0.275523 21.70
0.626548 0.999159 7.90
0.327256 0.031427 93.20
