0.458835 0.237324 100.00
0.127064 0.350996 98.60
0.154454 0.480822 87.70
0.947403 0.144112 71.50
0.286739 0.056589 89.30
0.132689 0.116605 43.50
0.627395 0.212214 48.60
0.079488 0.797099 59.20
0.032748 0.880325 64.90
0.311055 0.868967 52.10
0.091618 0.022172 26.20
0.360071 0.638224 15.00
0.719712 0.718167 49.00
0.442442 0.145034 15.90
0.998377 0.572987 56.30
0.965492 0.193570 72.60
0.160010 0.418795 64.00
0.290945 0.962080 52.60
0.333000 0.941412 27.20
0.951259 0.507467 53.60
0.454690 0.128231 31.10
0.876449 0.914076 16.80
0.985405 0.275523 36.70
0.626548 0.999159 22.90
0.327256 0.031427 88.20
